    A B C D g a e p
1   3 3 1 2 1 2 4 3
2   3 2 3 2 1 4 2 3
3   3 3 1 3 1 3 8 1
4   3 2 2 3 2 2 6 1
5   2 2 2 3 2 4 5 1
6   3 3 1 3 1 3 7 3
7   3 3 1 2 2 1 4 3
8   2 3 1 2 2 2 8 3
9   2 3 2 3 2 5 7 1
10  3 3 3 3 2 4 5 3
11  5 5 1 1 2 5 8 3
12  3 3 1 2 1 5 5 3
13  2 1 2 4 1 2 4 1
14  3 4 2 2 1 6 7 1
15  2 1 4 1 1 5 8 1
16  4 5 1 1 2 4 5 3
17  3 2 2 4 2 1 4 3
18  4 4 1 4 2 5 8 1
19  3 4 1 2 1 2 6 1
20  2 5 1 2 1 2 4 3
21  5 4 1 1 2 4 5 3
22  4 4 1 4 2 2 5 3
23  5 5 1 3 1 2 6 1
24  5 4 2 3 1 2 8 2
25  4 2 1 3 2 4 7 1
26  4 4 1 3 2 5 8 2
27  3 4 1 3 1 2 4 3
28  5 5 1 1 1 4 8 1
29  2 3 2 3 1 5 3 3
30  3 2 2 4 2 3 8 1
31  2 1 3 5 2 5 6 1
32  2 4 2 4 2 5 8 1
33  2 3 2 4 2 5 5 1
34  3 4 4 3 2 5 5 3
35  4 4 2 3 1 3 6 3
36  3 4 1 2 2 3 5 1
37  3 3 1 1 2 6 1 1
38  4 5 1 1 2 4 7 2
39  2 2 2 3 2 2 8 1
40  4 4 2 3 2 4 5 2
41  4 4 2 4 2 4 5 1
42  1 1 1 1 2 5 7 1
43  4 5 1 1 2 3 5 3
44  2 2 3 3 2 6 8 1
45  2 3 1 2 1 5 8 1
46  4 4 1 2 2 1 4 3
47  4 4 1 3 2 5 8 3
48  1 1 1 1 1 5 2 3
49  3 4 2 3 1 4 4 3
50  3 3 1 3 1 1 4 3
51  2 2 1 1 2 2 6 1
52  4 3 2 4 2 5 4 3
53  3 2 2 2 1 4 1 1
54  2 5 1 3 2 5 5 1
55  5 5 1 3 2 2 8 1
56  3 5 1 1 2 2 7 3
57  5 5 1 1 2 3 3 1
58  3 2 1 3 1 6 8 1
59  3 4 2 2 2 5 8 1
60  4 3 2 2 2 4 5 1
61  5 5 1 1 2 1 2 3
62  1 2 4 5 2 1 2 3
63  2 3 2 3 1 2 3 1
64  3 3 2 2 2 6 5 3
65  3 4 1 1 2 3 4 1
66  3 3 2 2 2 6 6 3
67  5 5 1 2 2 1 7 3
68  2 2 2 2 2 1 8 1
69  4 4 2 2 1 5 3 1
70  5 5 1 1 2 5 8 1
71  4 4 1 2 2 5 5 1
72  3 3 1 2 2 5 4 1
73  1 1 5 4 1 5 8 1
74  2 3 1 2 1 4 8 2
75  3 3 2 1 2 4 3 1
76  1 1 5 5 2 4 6 1
77  3 4 1 2 2 3 8 3
78  3 2 2 3 1 6 8 1
79  4 2 2 4 2 5 3 3
80  5 5 1 4 1 2 3 1
81  4 2 2 2 2 2 5 1
82  5 5 1 5 2 3 4 1
83  3 3 2 2 1 5 3 1
84  3 3 1 1 2 3 8 1
85  3 3 2 3 1 2 2 3
86  5 5 1 1 2 4 6 3
87  3 4 1 3 2 2 6 1
88  3 2 2 2 1 4 8 1
89  2 3 1 2 2 1 6 3
90  2 2 2 2 1 3 5 1
91  4 2 2 5 2 3 6 1
92  2 2 2 3 1 4 3 1
93  4 4 1 1 2 1 2 3
94  2 2 1 4 1 4 7 2
95  5 5 1 3 1 1 3 3
96  2 3 2 2 2 6 1 1
97  3 2 2 4 2 3 8 1
98  3 4 1 4 2 5 4 1
99  3 4 2 2 2 3 7 3
100 3 4 1 3 1 3 3 1
101 4 4 1 2 2 5 3 1
102 2 2 2 2 1 4 5 1
103 4 4 2 2 1 6 3 1
104 3 3 1 1 2 2 3 1
105 2 2 2 1 2 3 1 2
106 2 4 2 2 1 3 3 1
107 4 4 2 2 2 5 3 1
108 2 1 3 2 2 6 4 3
109 2 2 2 3 1 3 3 1
110 3 4 2 1 2 5 1 1
111 1 1 1 5 2 2 8 1
112 2 3 1 4 2 3 6 1
113 5 5 1 2 2 1 4 1
114 3 4 1 2 2 5 7 1
115 1 1 1 1 2 5 7 3
116 3 2 1 2 2 4 5 1
117 4 5 1 4 2 1 3 1
118 4 4 2 2 2 4 8 1
119 3 5 1 3 2 2 2 3
120 5 4 1 3 2 2 5 1
121 3 4 1 2 2 5 5 1
122 3 2 4 2 2 5 5 3
123 4 2 2 1 1 4 5 1
124 3 2 1 2 1 2 3 3
125 4 4 1 2 2 5 5 1
126 5 4 1 4 1 2 3 2
127 5 2 1 1 2 3 6 3
128 5 1 5 5 2 2 3 3
129 3 4 1 3 2 6 5 2
130 3 4 1 3 2 6 5 1
131 3 3 1 2 1 2 6 1
132 4 1 1 1 1 6 1 1
133 3 2 2 3 2 2 3 1
134 3 4 1 2 2 2 8 3
135 2 1 1 1 1 6 1 1
136 2 4 1 1 2 2 7 1
137 3 3 1 3 2 2 4 3
138 3 2 1 2 2 3 8 3
139 4 4 1 1 2 2 7 1
140 2 2 2 2 2 4 5 1
141 3 2 1 3 2 1 1 3
142 4 3 1 3 1 1 3 3
143 4 3 2 2 2 1 4 3
144 4 4 1 2 2 5 5 1
145 3 4 1 2 2 3 3 1
146 4 4 1 1 2 2 3 1
147 4 5 1 1 2 4 5 1
148 4 4 2 2 1 4 3 3
149 2 2 2 2 2 6 4 1
150 5 5 1 2 2 2 8 1
151 4 4 1 2 1 3 6 1
152 2 2 1 3 1 1 4 3
153 2 1 3 3 1 1 4 3
154 4 3 1 2 1 1 4 3
155 4 2 2 2 1 3 7 1
156 5 5 1 4 1 4 8 1
157 3 4 1 3 2 4 8 1
158 3 2 2 1 1 5 3 1
159 4 5 1 1 2 2 3 1
160 2 1 5 4 2 1 4 1
161 3 5 1 3 2 3 5 1
162 3 1 1 4 1 4 5 1
163 4 2 1 1 1 2 6 2
164 2 2 1 5 2 5 5 3
165 2 1 1 1 1 5 8 1
166 3 2 1 1 2 6 7 1
167 3 4 1 2 2 4 8 1
168 1 1 5 4 2 1 2 3
169 2 2 1 4 1 4 1 1
170 2 5 1 2 2 4 5 1
171 4 4 1 1 2 5 8 2
172 3 5 2 3 2 3 4 1
173 5 5 1 1 2 5 3 1
174 2 2 2 2 1 6 8 1
175 3 1 1 4 2 6 5 1
176 2 2 4 3 1 5 8 1
177 3 4 2 4 1 1 4 3
178 3 4 2 3 2 4 5 2
179 2 2 1 3 1 5 8 1
180 4 3 3 1 2 5 3 3
181 4 3 2 1 1 2 8 1
182 3 1 1 5 2 4 5 1
183 3 4 2 3 2 4 5 1
184 3 2 2 2 1 1 4 3
185 2 2 1 1 1 3 8 1
186 5 2 2 2 2 2 6 1
187 3 2 2 2 1 3 6 1
188 3 2 1 1 2 3 8 1
189 2 4 1 2 2 4 6 1
190 2 2 3 3 2 5 5 1
191 3 3 1 2 2 5 7 1
192 5 5 1 1 1 4 6 1
193 2 3 3 3 1 4 6 1
194 3 5 1 4 2 3 8 1
195 5 4 2 2 2 2 4 3
196 3 1 4 5 2 1 4 2
197 4 4 2 4 2 1 4 1
198 1 2 3 5 1 5 8 1
199 1 2 2 3 2 3 8 1
200 3 3 1 2 1 4 6 1
201 4 3 1 3 2 2 4 1
202 3 4 1 4 2 2 8 1
203 4 4 2 2 2 5 2 3
204 2 3 5 4 1 4 6 1
205 2 3 1 1 1 5 8 1
206 5 1 5 5 1 1 3 1
207 3 3 2 3 2 4 5 1
208 2 2 2 2 2 6 5 1
209 5 2 2 5 2 5 3 3
210 5 5 1 5 1 2 2 1
211 4 4 1 4 2 2 5 1
212 4 3 1 1 1 5 1 1
213 3 1 1 4 2 5 7 1
214 2 2 2 2 1 4 8 1
215 2 5 1 2 1 5 1 1
216 3 3 2 1 1 4 6 1
217 3 2 4 3 1 6 5 1
218 4 4 1 4 2 2 3 1
219 4 2 2 1 1 4 3 3
220 4 1 2 4 1 5 8 1
221 3 2 2 1 2 6 3 3
222 3 2 3 3 1 5 8 1
223 4 5 1 3 2 1 4 1
224 4 5 1 3 2 4 5 1
225 4 5 1 4 1 2 8 1
226 2 5 1 2 2 4 6 1
227 5 5 1 1 2 3 3 1
228 2 2 1 2 1 5 8 1
229 4 5 1 1 1 3 2 1
230 3 4 1 5 2 1 4 3
231 3 5 1 1 1 5 3 1
232 4 4 2 3 2 1 3 2
233 3 3 2 2 1 5 5 1
234 5 5 1 1 2 4 5 1
235 2 2 2 2 2 5 5 3
236 2 3 2 3 2 6 3 1
237 2 2 4 2 1 6 3 1
238 5 5 1 2 2 4 5 3
239 4 3 2 3 1 3 2 1
240 3 2 1 4 2 5 7 1
241 3 3 2 3 2 1 4 3
242 4 4 1 2 1 2 4 1
243 2 2 1 2 2 5 5 3
244 4 4 1 4 1 5 5 1
245 5 4 1 4 2 1 4 3
246 3 4 2 3 2 5 3 1
247 3 2 2 2 1 5 1 1
248 2 4 1 2 2 5 5 2
249 5 3 1 1 2 4 6 1
250 2 3 1 2 1 4 3 1
251 3 3 2 3 1 3 3 1
252 3 3 1 2 2 2 3 1
253 5 3 1 2 1 3 7 1
254 4 4 2 2 2 1 2 3
255 4 4 2 1 2 6 1 3
256 4 5 1 2 1 4 6 1
257 5 4 1 3 1 2 3 1
258 3 2 1 2 1 5 8 1
259 1 1 4 2 1 3 5 1
260 2 3 2 2 1 6 1 1
261 3 2 3 3 2 5 3 1
262 5 5 1 2 1 1 4 1
263 5 3 1 2 2 2 3 3
264 5 5 1 5 2 1 2 3
265 2 2 4 4 2 6 8 3
266 4 3 3 1 2 5 1 1
267 5 5 1 1 2 2 4 1
268 2 2 1 3 1 1 1 3
269 2 2 2 2 2 3 5 1
270 2 3 1 2 1 4 3 1
271 3 2 4 2 2 6 6 1
272 2 3 2 1 2 1 3 3
273 4 4 1 2 2 5 5 1
274 5 2 1 1 2 4 8 1
275 4 4 2 2 2 6 3 3
276 3 3 3 2 1 5 5 2
277 3 2 4 3 1 6 5 1
278 3 3 3 3 2 4 5 3
279 2 1 1 1 2 6 1 1
280 1 4 3 2 2 3 4 2
281 2 2 2 2 2 5 1 1
282 3 3 1 5 1 1 2 3
283 2 2 2 2 1 6 7 1
284 3 2 1 3 2 5 5 1
285 2 1 2 1 2 5 4 1
286 3 4 2 3 2 1 3 1
287 3 2 2 1 2 3 6 1
288 5 4 1 2 1 4 5 3
289 3 2 1 2 1 5 2 1
290 2 2 2 2 2 5 5 1
291 2 3 1 3 1 1 4 2
292 3 2 4 3 1 6 5 1
293 4 2 2 2 1 2 4 3
294 1 2 2 1 2 2 3 1
295 4 4 1 2 2 4 6 1
296 2 4 1 2 2 2 6 1
297 2 1 5 4 2 3 3 1
298 2 2 2 3 1 2 6 1
299 2 1 1 1 1 3 5 1
300 3 3 3 2 2 4 3 3
301 3 2 2 2 2 6 1 1
302 4 2 1 2 1 4 3 3
303 5 1 2 2 2 4 3 3
304 2 2 4 4 2 5 3 1
305 3 4 2 2 2 5 3 1
306 3 3 2 2 1 4 3 1
307 2 1 2 3 1 5 1 1
308 3 3 1 1 2 4 4 1
309 5 5 2 2 2 6 1 1
310 4 4 1 5 1 1 8 3
311 3 3 2 2 1 1 4 3
312 2 2 2 2 1 5 5 1
313 3 4 1 3 1 1 6 1
314 4 5 1 3 1 2 4 1
315 4 4 1 1 2 4 5 1
316 2 3 2 2 1 6 1 1
317 2 2 2 2 1 6 1 1
318 4 2 3 2 1 6 3 1
319 3 4 1 2 2 3 8 1
320 3 2 1 2 1 3 2 1
321 3 3 2 1 2 4 1 2
322 3 4 2 4 2 3 4 3
323 4 2 2 2 2 4 8 3
324 4 4 1 1 2 5 7 1
325 4 5 1 1 1 4 3 2
326 2 3 1 4 1 2 8 1
327 5 5 1 3 2 1 4 1
328 4 1 4 4 2 1 7 3
329 4 3 3 2 2 5 7 2
330 4 4 1 1 1 5 5 1
331 2 4 1 2 2 4 6 1
332 4 4 1 2 2 1 6 3
333 4 2 2 2 1 4 5 1
334 5 5 1 1 2 4 8 1
335 3 2 1 2 2 2 4 1
336 4 4 1 1 1 6 6 1
337 4 1 3 2 2 5 3 3
338 1 1 3 3 1 5 3 1
339 2 5 1 4 2 4 8 1
340 4 3 1 2 1 5 5 1
341 4 2 2 2 2 5 3 1
342 3 3 2 2 1 4 3 1
343 2 1 5 3 1 3 8 1
344 3 2 2 2 2 6 7 1
345 2 2 1 1 1 6 1 1
346 3 4 1 1 1 1 1 3
347 3 2 1 3 1 4 3 3
348 2 2 2 2 1 6 3 1
349 3 3 2 2 1 2 4 3
350 2 2 2 4 2 3 6 1
351 2 4 2 3 1 5 2 1
352 5 5 1 2 2 2 4 3
353 5 4 1 3 2 1 3 1
354 3 3 1 3 2 2 6 1
355 5 5 1 1 1 3 5 1
356 3 3 2 3 2 5 1 1
357 2 4 1 3 2 1 2 3
358 5 5 1 2 2 2 6 1
359 4 3 2 4 1 5 8 1
360 3 1 2 2 2 6 8 1
361 2 3 1 4 1 3 5 1
362 2 2 3 2 2 5 7 1
363 2 1 2 2 1 6 1 1
364 3 2 2 3 1 6 7 1
365 3 4 1 2 2 3 8 1
366 3 3 2 2 1 6 1 1
367 2 2 2 2 1 6 7 1
368 4 2 2 2 1 6 1 1
369 1 1 5 3 1 4 5 1
370 5 4 1 4 2 2 5 1
371 4 4 2 2 1 4 5 1
372 3 2 2 4 2 1 6 1
373 2 3 1 2 1 5 1 1
374 3 3 1 2 2 4 8 1
375 3 3 2 2 2 1 1 3
376 2 2 2 3 1 6 6 1
377 4 1 1 1 1 5 1 1
378 3 3 3 3 2 5 1 1
379 4 4 1 2 1 3 5 1
380 1 1 1 4 1 4 3 1
381 3 4 2 2 1 3 3 1
382 2 1 2 3 1 6 5 1
383 5 3 1 2 2 4 6 3
384 3 4 2 4 1 2 6 1
385 3 3 2 3 2 1 2 3
386 4 2 2 2 1 4 2 3
387 4 4 2 3 2 1 2 3
388 5 5 1 3 2 5 1 3
389 2 2 2 1 2 5 6 2
390 1 1 2 1 1 1 3 3
391 1 1 2 2 1 5 1 1
392 2 2 2 2 2 3 5 1
393 4 3 1 4 2 2 8 1
394 5 5 1 2 2 4 5 1
395 4 4 3 2 2 4 5 3
396 4 3 2 2 1 5 3 3
397 2 2 2 1 2 5 5 1
398 1 1 1 1 1 4 1 1
399 2 2 2 2 2 6 5 1
400 5 2 2 4 1 3 8 1
401 4 5 1 2 2 4 5 3
402 3 5 1 2 2 2 3 1
403 3 4 1 3 2 6 1 1
404 4 5 1 3 2 6 7 1
405 4 2 3 3 2 1 4 1
406 4 4 1 3 1 4 3 1
407 5 4 1 1 1 5 5 1
408 3 2 2 4 2 1 1 3
409 3 1 3 3 2 6 1 3
410 4 2 2 2 1 4 3 1
411 1 2 2 2 2 5 5 3
412 4 2 2 4 1 5 3 1
413 1 3 1 4 1 1 2 3
414 3 5 1 1 2 4 6 1
415 3 3 1 1 1 2 4 2
416 4 4 1 4 1 4 8 1
417 3 2 3 2 2 5 5 1
418 4 5 1 1 2 2 3 1
419 5 1 3 1 2 5 5 3
420 3 1 4 3 2 3 8 1
421 3 5 1 1 1 4 3 3
422 5 5 1 2 2 2 3 1
423 4 2 2 3 1 4 2 3
424 2 2 1 2 2 5 7 3
425 4 4 1 1 2 4 5 1
426 3 5 1 3 2 1 4 3
427 4 4 2 3 2 1 5 1
428 5 5 1 1 2 5 5 3
429 5 5 1 3 1 4 5 3
430 3 4 1 4 1 2 4 1
431 3 3 1 2 1 2 8 1
432 3 4 1 3 2 3 5 1
433 3 3 3 5 2 6 6 1
434 2 2 3 2 1 5 5 1
435 2 1 5 5 1 6 1 1
436 2 2 2 2 1 4 5 3
437 1 1 2 2 2 5 3 1
438 3 2 3 2 2 5 5 1
439 2 3 2 4 1 6 8 1
440 3 4 1 1 2 3 6 1
441 3 4 1 2 2 5 5 1
442 3 3 1 2 2 1 7 1
443 2 1 1 1 1 2 8 2
444 2 1 3 2 2 6 4 1
445 5 5 1 5 2 2 4 2
446 2 1 3 4 1 5 5 1
447 3 2 2 3 2 1 4 3
448 2 2 2 2 1 6 5 1
449 4 2 1 1 2 3 8 1
450 3 2 1 3 2 2 5 1
451 4 4 2 4 1 3 6 1
452 2 2 2 2 2 2 8 1
453 2 4 2 2 1 3 5 3
454 4 5 1 2 2 2 6 2
455 4 3 2 2 2 1 7 3
456 2 3 2 2 1 5 6 1
457 4 4 1 4 1 2 3 2
458 3 4 1 3 2 2 6 3
459 5 4 1 2 2 4 6 3
460 5 5 1 1 1 1 3 1
461 5 5 1 1 1 1 5 1
462 4 5 1 1 1 1 4 1
463 3 2 1 2 1 1 2 3
464 5 5 1 3 2 4 8 3
465 3 2 1 1 1 3 6 1
466 3 3 3 2 2 4 5 1
467 4 3 1 1 1 6 3 2
468 3 4 2 3 2 5 1 1
469 3 4 2 2 1 2 3 1
470 4 4 2 2 1 4 2 1
471 4 4 1 4 1 3 8 1
472 5 5 1 2 2 2 3 1
473 5 4 1 2 1 1 2 3
474 2 1 1 3 2 5 8 1
475 4 2 2 4 2 6 5 1
476 2 2 2 2 1 5 3 1
477 2 1 1 5 1 4 4 1
478 3 4 1 2 2 3 4 1
479 4 4 1 1 1 4 5 1
480 1 1 1 1 1 4 3 1
481 3 4 2 4 1 5 2 1
482 4 3 1 2 2 1 2 3
483 3 4 1 1 2 3 3 1
484 2 2 4 4 1 5 1 1
485 4 4 1 1 1 2 7 1
486 3 4 1 3 1 2 3 1
487 3 2 5 5 2 1 4 3
488 4 5 1 5 1 2 6 1
489 4 4 1 2 1 2 4 1
490 5 4 1 2 2 1 4 3
491 5 2 2 2 1 4 5 3
492 1 1 3 3 2 4 8 1
493 5 5 1 1 2 2 5 1
494 3 1 2 1 2 6 2 3
495 3 2 3 4 1 4 1 1
496 4 4 2 2 2 6 1 1
497 3 3 1 3 1 2 6 3
498 5 1 5 1 2 1 5 1
499 4 5 1 1 2 2 6 1
500 2 2 2 2 1 6 3 3
501 5 5 1 1 1 5 1 1
502 4 5 1 1 2 3 4 1
503 3 2 2 2 1 6 1 1
504 4 4 2 2 1 3 3 1
505 4 3 2 4 1 6 1 1
506 4 5 1 3 2 3 3 1
507 2 1 4 5 1 3 8 1
508 2 2 2 2 1 5 5 1
509 3 5 1 2 1 4 1 1
510 4 4 2 2 2 2 6 1
511 5 5 1 5 2 1 6 2
512 3 4 1 1 1 1 4 3
513 4 1 5 3 2 1 5 3
514 2 3 1 3 2 5 7 1
515 4 4 1 3 2 2 3 1
516 4 4 2 3 2 3 5 3
517 4 4 4 4 2 4 5 1
518 3 5 1 4 1 2 3 1
519 3 4 1 1 2 2 3 1
520 4 3 1 1 2 1 7 3
521 5 5 1 3 2 1 4 3
522 4 2 2 3 2 3 7 3
523 2 3 1 2 2 4 3 1
524 5 5 1 4 2 2 6 3
525 3 2 1 1 2 4 5 1
526 3 3 2 2 1 3 8 1
527 3 2 4 4 1 3 5 1
528 3 4 1 4 1 2 3 1
529 5 5 1 1 2 1 4 1
530 2 4 1 2 2 2 8 3
531 5 5 1 2 1 2 5 1
532 2 2 4 2 2 1 4 3
533 2 2 2 2 2 4 8 1
534 5 5 1 2 2 1 3 3
535 4 4 2 3 2 6 5 1
536 3 3 1 1 1 1 4 1
537 3 1 4 5 1 6 5 1
538 4 2 2 3 1 2 3 3
539 5 5 1 3 2 3 6 3
540 4 3 1 4 2 4 8 1
541 4 3 2 1 1 1 3 3
542 3 2 2 2 2 1 7 1
543 3 3 1 2 1 2 6 1
544 2 2 2 3 1 1 4 3
545 5 5 1 1 1 1 4 3
546 5 5 1 2 2 1 4 1
547 3 5 1 2 2 4 5 1
548 3 2 1 4 1 1 3 3
549 5 5 1 1 1 1 6 3
550 3 2 2 3 1 5 3 1
551 5 4 2 3 2 1 2 3
552 5 5 5 4 2 2 3 1
553 3 4 1 2 1 3 5 1
554 4 5 1 1 2 4 3 3
555 4 3 2 2 1 1 3 3
556 4 4 1 5 2 6 3 3
557 3 4 1 1 2 2 3 3
558 5 1 5 1 2 6 2 1
559 2 4 1 1 1 4 3 1
560 4 1 4 3 2 5 3 1
561 1 1 5 4 2 6 2 3
562 3 3 1 3 1 4 3 1
563 2 2 4 1 1 4 3 1
564 5 5 1 1 2 6 5 3
565 4 3 2 2 2 4 3 3
566 2 3 1 2 2 5 1 1
567 2 2 4 4 2 3 3 1
568 4 4 1 3 2 4 3 1
569 2 2 5 4 2 6 1 1
570 4 2 2 4 2 5 5 1
571 5 5 1 3 2 4 5 2
572 4 4 2 2 2 6 3 1
573 2 2 2 2 2 3 4 3
574 3 2 2 2 2 6 5 1
575 3 3 1 1 2 4 5 1
576 3 3 2 4 2 4 5 1
577 2 3 2 2 2 5 3 1
578 3 2 1 5 1 5 5 2
579 2 2 2 3 1 3 5 1
580 5 4 1 5 2 4 5 3
581 2 2 3 5 1 4 3 1
582 2 3 1 3 1 4 3 1
583 5 5 1 4 2 4 5 1
584 4 2 2 2 2 5 4 1
585 1 2 2 2 1 3 6 1
586 3 2 2 2 2 5 4 1
587 3 2 2 2 2 6 4 1
588 3 4 2 3 2 6 1 3
589 4 4 2 4 2 6 7 1
590 3 3 2 2 1 6 8 1
591 5 3 1 2 2 4 5 3
592 1 3 3 3 2 6 3 1
593 4 5 1 2 1 4 3 1
594 2 1 2 2 1 5 5 1
595 3 4 1 4 1 2 5 1
596 3 2 1 2 2 2 8 1
597 4 4 2 2 2 3 5 1
598 4 4 1 3 2 1 2 1
599 2 2 2 4 2 2 6 1
600 4 4 1 1 2 3 5 2
601 2 2 4 2 2 5 3 1
602 4 4 2 2 2 3 3 3
603 5 5 1 3 2 3 5 1
604 3 3 3 3 2 3 3 3
605 5 5 1 1 2 5 5 3
606 5 5 1 3 2 2 4 1
607 3 2 2 2 1 6 1 1
608 3 3 2 2 2 6 5 1
609 2 1 5 4 1 5 2 1
610 3 2 4 2 1 6 5 1
611 4 5 1 3 2 3 6 1
612 4 4 4 2 1 5 3 1
613 4 3 2 2 1 5 3 1
614 4 4 1 4 2 5 5 1
615 3 2 3 2 1 6 1 1
616 3 1 1 1 2 6 5 3
617 3 4 2 2 2 6 5 1
618 1 1 1 1 1 5 1 1
619 5 5 1 1 1 1 3 3
620 4 4 2 2 2 4 6 1
621 4 4 1 2 1 1 8 1
622 4 3 2 2 1 6 1 1
623 2 1 5 5 1 6 5 1
624 5 5 1 3 2 4 5 1
625 3 1 2 4 1 5 3 1
626 4 2 2 4 2 6 2 1
627 5 4 1 2 1 2 6 1
628 2 1 2 2 2 6 8 1
629 2 2 3 4 2 5 3 1
630 3 2 1 4 2 6 1 1
631 2 3 2 1 1 4 3 1
632 3 3 2 2 2 3 3 1
633 3 3 2 2 2 5 3 2
634 4 4 2 2 2 6 5 1
635 3 3 2 4 1 4 6 1
636 3 1 2 4 1 6 3 1
637 4 1 2 2 2 6 5 1
638 2 2 2 2 1 5 3 1
639 2 1 5 4 2 5 5 1
640 4 4 1 1 1 3 8 3
641 3 5 2 2 2 1 2 3
642 4 5 1 2 1 3 6 1
643 3 3 2 4 2 2 5 1
644 3 3 3 2 2 6 7 1
645 2 1 1 3 2 3 6 1
646 2 1 5 2 1 5 2 1
647 2 1 4 5 2 5 6 1
648 3 2 2 2 2 5 3 1
649 4 2 4 2 2 6 1 3
650 5 2 1 1 2 4 4 1
651 3 2 2 2 2 5 7 1
652 4 4 1 1 2 4 2 1
653 3 4 1 1 2 4 4 1
654 2 2 2 2 1 6 1 1
655 2 2 2 2 2 5 5 1
656 5 2 2 2 2 4 5 1
657 1 2 1 2 1 2 8 1
658 4 1 3 2 1 6 1 1
659 2 2 2 2 1 5 2 1
660 2 1 3 3 1 1 4 3
661 2 1 2 2 1 6 1 1
662 4 4 2 3 2 2 5 3
663 2 2 2 2 2 6 3 1
664 2 4 2 2 1 4 1 1
665 3 1 3 5 2 3 3 1
666 3 1 2 1 2 6 1 1
667 3 4 1 2 2 1 3 1
668 4 2 2 4 1 5 5 1
669 1 1 2 2 2 2 6 1
670 1 1 4 1 2 6 3 3
671 2 3 2 4 2 3 8 1
672 4 2 1 2 2 4 5 1
673 2 2 2 2 1 6 6 1
674 3 4 2 1 1 1 3 3
675 1 2 2 2 2 5 3 1
676 4 4 1 3 2 4 8 1
677 2 3 1 3 2 4 8 1
678 3 2 3 2 1 5 3 1
679 5 4 1 1 1 5 8 1
680 3 2 3 1 1 6 5 1
681 3 2 3 4 1 1 4 3
682 3 2 3 4 2 4 3 1
683 3 2 3 3 1 4 5 1
684 1 1 2 2 1 5 3 1
685 4 4 2 3 2 2 6 1
686 5 5 1 2 2 3 5 3
687 3 2 2 3 2 6 7 1
688 3 2 3 3 2 6 1 3
689 2 2 2 1 2 4 8 1
690 2 1 5 5 2 5 5 1
691 3 3 2 3 1 5 7 1
692 3 3 1 3 2 4 8 1
693 3 4 2 3 1 4 3 1
694 2 2 2 2 2 5 5 1
695 5 5 1 2 2 2 7 1
696 2 2 2 1 2 3 3 1
697 4 4 1 4 2 2 5 1
698 2 1 2 4 2 2 8 1
699 4 4 2 2 2 5 5 1
700 5 5 5 1 2 6 3 3
701 5 4 1 2 2 4 5 3
702 2 4 1 2 1 2 4 1
703 4 5 1 1 1 2 3 2
704 4 5 1 3 2 1 2 3
705 3 2 4 2 1 5 3 3
706 5 4 1 1 2 4 5 3
707 3 3 2 3 1 3 5 3
708 3 1 2 3 2 4 3 1
709 3 2 1 3 1 2 2 3
710 3 4 1 1 2 3 8 1
711 1 2 2 2 1 5 8 1
712 2 3 2 3 1 6 1 1
713 1 2 2 2 1 3 6 1
714 3 1 3 1 1 6 3 1
715 1 1 4 5 1 2 3 1
716 3 3 2 2 1 4 3 1
717 3 2 1 3 1 1 3 3
718 3 3 3 3 1 6 1 2
719 4 2 2 2 2 5 5 1
720 3 4 1 5 1 5 3 1
721 4 4 2 4 2 2 5 1
722 1 1 2 1 2 4 3 1
723 3 2 2 2 2 5 4 1
724 3 2 2 2 1 4 3 1
725 2 1 2 4 2 5 5 1
726 3 3 1 1 2 6 5 2
727 3 4 1 1 2 3 5 1
728 3 3 2 1 1 6 2 1
729 2 1 5 4 2 5 5 1
730 3 5 1 4 2 3 8 1
731 3 4 1 3 1 4 3 1
732 5 5 1 2 1 2 6 1
733 2 5 1 2 2 2 6 2
734 4 2 2 2 2 5 3 1
735 2 2 2 3 1 4 5 1
736 2 3 2 4 2 4 6 3
737 5 5 1 4 2 3 6 1
738 2 2 2 2 1 5 3 3
739 1 1 1 1 1 3 6 1
740 3 3 2 3 1 3 3 1
741 2 3 2 3 1 3 3 1
742 2 4 2 2 1 4 5 1
743 4 2 2 2 2 6 5 1
744 4 4 1 2 2 3 6 1
745 2 1 4 4 2 5 3 1
746 2 4 2 4 1 3 5 3
747 3 4 1 2 1 4 4 1
748 5 2 5 3 2 1 8 1
749 5 5 1 3 1 5 8 1
750 3 3 1 2 2 4 4 1
751 4 5 1 3 2 2 5 1
752 4 1 1 3 1 5 5 1
753 5 5 1 2 2 2 7 1
754 3 2 2 1 1 5 1 3
755 4 1 1 4 2 3 3 1
756 5 2 2 4 2 6 5 1
757 2 2 2 4 1 6 3 1
758 2 4 1 2 2 5 5 1
759 2 1 5 5 2 3 8 1
760 2 4 2 1 1 2 3 1
761 4 4 5 2 2 2 3 1
762 3 5 1 1 2 3 6 1
763 2 2 1 2 2 4 1 1
764 2 5 1 1 1 2 6 1
765 4 4 1 4 1 4 6 1
766 5 5 1 2 1 1 3 3
767 3 3 2 3 2 5 5 3
768 3 2 2 2 2 5 5 1
769 2 1 2 3 1 4 3 1
770 2 2 2 2 2 3 7 1
771 1 1 4 2 1 6 5 1
772 2 1 2 1 1 3 5 3
773 5 5 1 4 2 4 4 1
774 2 1 3 2 1 5 3 1
775 4 4 1 3 1 5 1 1
776 3 3 2 3 1 5 3 1
777 5 5 1 1 2 4 3 1
778 3 4 1 3 1 2 3 1
779 3 1 5 3 2 6 5 1
780 3 2 2 2 1 3 3 1
781 1 3 3 4 1 4 3 1
782 3 3 2 1 2 3 6 1
783 3 4 2 4 2 4 7 1
784 4 3 2 4 1 1 6 1
785 5 5 1 2 2 4 7 3
786 2 4 1 1 2 3 5 1
787 3 2 3 2 2 2 7 1
788 4 3 1 2 1 2 3 3
789 3 3 4 3 1 5 1 1
790 3 3 1 4 2 1 3 3
791 3 2 1 1 1 1 3 3
792 4 2 2 2 1 5 3 3
793 2 1 2 3 1 3 3 1
794 4 1 2 2 1 5 5 1
795 3 3 1 4 1 6 3 1
796 1 4 1 1 1 5 3 1
797 2 2 2 1 1 6 1 1
798 5 5 1 1 1 2 8 3
799 2 2 1 2 1 3 4 1
800 2 1 5 5 1 1 4 3
801 4 4 2 2 2 5 3 3
802 1 3 1 2 1 2 6 1
803 2 1 2 2 1 3 2 1
804 4 2 2 2 1 4 4 1
805 2 2 3 3 2 5 5 1
806 4 2 4 3 1 4 5 1
807 5 4 1 3 1 3 3 1
808 2 1 5 5 2 4 8 1
809 3 1 5 4 2 1 4 3
810 3 2 2 2 1 3 4 1
811 3 3 2 2 2 5 3 1
812 5 4 1 3 1 3 2 3
813 5 5 1 1 2 6 5 2
814 5 1 5 3 2 2 5 3
815 5 5 5 1 2 1 2 3
816 2 3 1 3 1 2 7 3
817 5 1 5 5 2 5 8 3
818 3 2 4 3 2 1 1 3
819 4 2 3 2 2 3 4 1
820 3 5 1 4 1 4 8 1
821 1 2 1 4 1 5 6 1
822 5 3 1 2 2 4 8 1
823 2 2 4 4 1 5 1 1
824 3 2 2 4 2 1 2 2
825 2 1 3 1 2 5 8 1
826 3 3 2 2 1 4 3 3
827 3 4 1 1 2 2 6 3
828 3 4 2 2 1 4 3 1
829 2 1 3 4 2 5 5 1
830 3 4 1 5 1 3 8 1
831 3 3 1 1 2 3 8 1
832 2 4 2 3 1 4 1 1
833 5 5 5 3 2 2 8 1
834 3 3 1 1 2 5 2 1
835 3 5 1 1 2 1 4 3
836 4 1 5 4 2 5 5 3
837 2 1 5 4 2 1 2 3
838 3 1 5 5 2 4 3 1
839 3 3 1 2 1 3 8 1
840 3 1 2 1 1 6 1 1
841 2 4 2 2 2 4 1 1
842 3 1 5 4 2 6 5 1
843 4 4 1 4 1 2 3 3
844 3 5 1 3 2 2 6 1
845 1 1 5 5 1 1 2 3
846 5 1 2 2 1 4 5 1
847 5 4 2 2 1 3 5 1
848 4 4 1 3 2 3 8 3
849 4 2 4 4 2 4 6 1
850 3 3 1 4 2 1 2 3
851 2 4 2 2 1 1 2 3
852 2 2 2 3 1 2 4 1
853 2 2 2 3 1 2 6 1
854 5 5 2 2 1 2 5 3
855 2 4 1 2 2 2 7 3
856 3 3 1 1 1 4 5 1
857 2 2 2 2 1 1 3 3
858 2 4 1 2 2 2 6 3
859 3 2 3 3 2 5 5 1
860 4 3 2 2 1 5 3 3
861 3 4 1 4 1 1 2 3
862 3 2 3 1 2 5 2 1
863 3 3 1 4 2 1 8 1
864 5 5 1 3 1 2 2 3
865 5 4 1 5 2 4 3 2
866 3 3 2 2 1 3 7 1
867 5 5 1 3 1 3 3 1
868 2 2 2 2 1 5 5 1
869 3 3 2 2 1 4 5 1
870 3 1 2 2 2 3 5 1
871 4 1 2 4 2 3 8 3
872 2 1 5 5 1 1 4 1
873 5 5 1 2 2 4 5 3
874 4 4 2 4 1 3 6 1
875 1 1 4 2 1 6 3 1
876 3 3 2 2 1 4 3 3
877 4 4 1 3 2 1 4 3
878 3 4 2 1 1 6 1 1
879 4 4 2 3 2 6 1 1
880 5 5 1 2 2 5 3 1
881 3 2 2 2 1 3 5 1
882 3 4 1 1 1 4 5 3
883 3 3 1 2 2 2 5 1
884 5 5 1 3 1 3 5 1
885 3 4 2 1 2 5 1 2
886 3 3 1 1 2 5 7 1
887 4 2 2 2 1 5 1 1
888 3 4 1 3 2 4 8 1
889 3 4 1 2 2 5 7 1
890 4 4 3 5 1 5 2 2
891 5 5 5 5 2 5 2 3
892 3 3 1 2 1 3 3 1
893 2 4 1 1 2 2 6 1
894 3 4 2 2 2 5 1 1
895 3 4 2 2 1 4 8 1
896 2 3 1 3 1 5 5 1
897 4 1 4 4 2 5 5 1
898 5 5 1 2 2 1 4 3
899 4 2 2 2 2 6 7 1
900 4 2 1 4 2 4 7 1
901 3 4 1 3 2 3 8 1
902 3 5 1 4 1 2 3 1
903 3 4 1 2 1 4 5 1
904 3 5 1 3 2 3 7 1
905 4 4 1 2 1 4 5 1
906 4 4 2 4 1 6 3 1
907 3 4 1 2 2 1 1 3
908 4 4 2 4 2 3 3 1
909 3 2 1 5 1 6 6 1
910 3 3 2 3 1 6 3 3
911 3 3 3 3 1 4 3 1
912 4 5 1 2 2 1 2 3
913 4 2 4 3 1 3 7 1
914 3 4 2 3 2 6 3 1
915 2 5 1 3 2 5 5 1
916 1 2 1 1 1 4 3 1
917 3 3 2 3 1 4 3 1
918 3 2 2 3 1 6 5 1
919 2 2 2 4 2 5 5 1
920 3 2 2 3 1 3 8 3
921 2 2 4 3 2 1 2 3
922 3 1 5 5 2 5 6 1
923 5 5 1 5 1 1 5 3
924 5 5 1 2 2 3 5 1
